ImageWidth: 1280
ImageHeight: 1024
FocalLengthX: 765.719923893077860
FocalLengthY: 766.796366587283840
PrincipalPointX: 623.242370729597160		
PrincipalPointY: 528.050919728351460
k1: -0.344475152180864
k2: 0.114648489946796