ImageWidth: 1280
ImageHeight: 1024
FocalLengthX: 786.480021824771260
FocalLengthY: 786.534485084018680
PrincipalPointX: 601.077794565845920		
PrincipalPointY: 507.219344195074200
k1: -0.349866301000987
k2: 0.123641892016850