ImageWidth: 1280
ImageHeight: 1024
FocalLengthX: 796.093769547820440
FocalLengthY: 794.890041921456260
PrincipalPointX: 601.138522535519090	
PrincipalPointY: 513.459429710041830
k1: -0.371771100648565
k2: 0.148227288603551