ImageWidth: 1280
ImageHeight: 1024
FocalLengthX: 780.609562198283360
FocalLengthY: 781.888947526738660
PrincipalPointX: 622.766781049665380
PrincipalPointY: 499.394014197672330
k1: -0.342599030851686
k2: 0.106289638091116