ImageWidth: 1280
ImageHeight: 1024
FocalLengthX: 781.110061698365940
FocalLengthY: 781.822226239300560
PrincipalPointX: 630.914700445710540		
PrincipalPointY: 486.988884529432880
k1: -0.377245521441204 
k2: 0.166892154798840