ImageWidth: 1280
ImageHeight: 1024
FocalLengthX: 791.673740913539970
FocalLengthY: 793.290846687066280
PrincipalPointX: 606.363971823131460		
PrincipalPointY: 511.010718926833990
k1: -0.355712257042867
k2: 0.134415078372355