ImageWidth: 1280
ImageHeight: 1024
FocalLengthX: 798.673378831469220
FocalLengthY: 799.280554187920070
PrincipalPointX: 627.857293211278490	
PrincipalPointY: 522.832766469819150
k1: -0.354316275477786
k2: 0.121377009423375