ImageWidth: 1280
ImageHeight: 1024
FocalLengthX: 775.344939479413140
FocalLengthY: 774.914493102649890
PrincipalPointX: 626.234267902198550		
PrincipalPointY: 515.729816603560270
k1: -0.357010602923920
k2: 0.129409535375072