ImageWidth: 1280
ImageHeight: 1024
FocalLengthX: 805.659483991685310
FocalLengthY: 805.830630486009110
PrincipalPointX: 616.171040856865030		
PrincipalPointY: 537.791756542408850
k1: -0.373863220160443
k2: 0.156147178083082