ImageWidth: 1280
ImageHeight: 1024
FocalLengthX: 804.718521668646300
FocalLengthY: 806.734938551402590
PrincipalPointX: 603.244473237253600		
PrincipalPointY: 529.853216727225230
k1: -0.333519697739069
k2: 0.103788394351630