ImageWidth: 1280
ImageHeight: 1024
FocalLengthX: 795.470000785407250
FocalLengthY: 795.622002299636050
PrincipalPointX: 620.000293200982240		
PrincipalPointY: 512.614645530238820
k1: -0.384231208541225
k2: 0.183775463631539