ImageWidth: 1280
ImageHeight: 1024
FocalLengthX: 791.134340830680000
FocalLengthY: 791.120249671878470
PrincipalPointX: 610.328591782468610		
PrincipalPointY: 509.407087638365620
k1: -0.376145856799488
k2: 0.165740608852159