ImageWidth: 1280
ImageHeight: 1024
FocalLengthX: 780.891928084487740
FocalLengthY: 781.714722793800770
PrincipalPointX: 600.975137817285830		
PrincipalPointY: 526.080046056918040
k1: -0.380985416826731
k2: 0.176277522550769