ImageWidth: 1280
ImageHeight: 1024
FocalLengthX: 787.913777408562170
FocalLengthY: 787.993808986985530
PrincipalPointX: 629.745366689204050
PrincipalPointY: 532.019233346388770
k1: -0.391461360364546
k2: 0.167382626839550