ImageWidth: 1280
ImageHeight: 1024
FocalLengthX: 793.562259942710400
FocalLengthY: 795.163650766726730
PrincipalPointX: 603.286756115902450
PrincipalPointY: 512.370822027900770
k1: -0.354546973184321
k2: 0.125225831188509