ImageWidth: 1280
ImageHeight: 1024
FocalLengthX: 794.422367009121900
FocalLengthY: 798.245829756622700
PrincipalPointX: 606.178968708889560	
PrincipalPointY: 533.507803264999100
k1: -0.328687996653980
k2: 0.104001244878124