ImageWidth: 1280
ImageHeight: 1024
FocalLengthX: 799.908078166722930
FocalLengthY: 802.767855319655150
PrincipalPointX: 600.306136437580680		
PrincipalPointY: 546.606474688273690
k1: -0.348681973073267
k2: 0.115101320194794