ImageWidth: 1280
ImageHeight: 1024
FocalLengthX: 798.926663274770700
FocalLengthY: 799.140692654330910
PrincipalPointX: 601.638536124643340	
PrincipalPointY: 511.056298680981460
k1: -0.366856790712384
k2: 0.147404980111500