ImageWidth: 1280
ImageHeight: 1024
FocalLengthX: 782.739519558118450
FocalLengthY: 784.914895036516900
PrincipalPointX: 600.736671580947360
PrincipalPointY: 518.197051439009560
k1: -0.342439933038439
k2: 0.112277654855845