ImageWidth: 1280
ImageHeight: 1024
FocalLengthX: 790.591135510626370
FocalLengthY: 791.362675013982080
PrincipalPointX: 592.227428502077600		
PrincipalPointY: 514.421749110833280
k1: -0.343466559165706
k2: 0.108985500214187