ImageWidth: 1280
ImageHeight: 1024
FocalLengthX: 795.205042793411740
FocalLengthY: 795.452720889145330
PrincipalPointX: 608.661635697769160		
PrincipalPointY: 503.185817737781750
k1: -0.351828067119259
k2: 0.123907142305955