ImageWidth: 1280
ImageHeight: 1024
FocalLengthX: 824.578404694334040 
FocalLengthY: 822.721092546247970
PrincipalPointX: 626.873404561438060		
PrincipalPointY: 520.720894361807610
k1: -0.379793202247634 
k2: 0.166255301003377