ImageWidth: 1280
ImageHeight: 1024
FocalLengthX: 815.944199949690300
FocalLengthY: 816.340696423937060
PrincipalPointX: 666.288998655522510
PrincipalPointY: 540.028475459589460
k1: -0.313150674477185
k2: 0.090269813366897