ImageWidth: 1280
ImageHeight: 1024
FocalLengthX: 783.437431943074220
FocalLengthY: 784.644411774933360
PrincipalPointX: 587.846243861573160		
PrincipalPointY: 514.514716064240020
k1: -0.339272638684929
k2: 0.115633189760896