ImageWidth: 1280
ImageHeight: 1024
FocalLengthX: 776.457740083066600
FocalLengthY: 777.586088526595740
PrincipalPointX: 608.415286346495120	
PrincipalPointY: 540.918247386949590
k1: -0.378999430136265
k2: 0.142863910500053