ImageWidth: 1280
ImageHeight: 1024
FocalLengthX: 837.685433902477370
FocalLengthY: 784.914895036516900
PrincipalPointX: 601.994298167479430
PrincipalPointY: 541.490965350880290
k1: -0.365171705426607
k2: 0.135188766504155