ImageWidth: 1280
ImageHeight: 1024
FocalLengthX: 758.802307859711390
FocalLengthY: 759.458914172823480
PrincipalPointX: 599.281791565108620	
PrincipalPointY: 514.531774508162470
k1: -0.360144026620952
k2: 0.130563469376307