ImageWidth: 1280
ImageHeight: 1024
FocalLengthX: 771.682737260351360
FocalLengthY: 773.789699833866510
PrincipalPointX: 579.057564279173680		
PrincipalPointY: 517.602911448504530
k1: -0.359932458217211
k2: 0.137822399319293