ImageWidth: 1280
ImageHeight: 1024
FocalLengthX: 776.424019136425500
FocalLengthY: 777.613053280310170
PrincipalPointX: 614.015781527523130	
PrincipalPointY: 527.021311357524610
k1: -0.364530906207456
k2: 0.145830667257246