ImageWidth: 1280
ImageHeight: 1024
FocalLengthX: 785.779059532757970
FocalLengthY: 786.354926547318090
PrincipalPointX: 633.528808675042910		
PrincipalPointY: 528.011966917244990
k1: -0.349681721583513
k2: 0.118286397532216