ImageWidth: 1280
ImageHeight: 1024
FocalLengthX: 778.287927958342490
FocalLengthY: 778.795563806851530
PrincipalPointX: 625.015325170608550	
PrincipalPointY: 492.716986746652540
k1: -0.365905605670027 
k2: 0.140755770091620