ImageWidth: 1280
ImageHeight: 1024
FocalLengthX: 791.994900081955960
FocalLengthY: 793.989022147760580
PrincipalPointX: 618.028597188172510		
PrincipalPointY: 493.972711296920240
k1: -0.342920307822160
k2: 0.112140458882265