ImageWidth: 1280
ImageHeight: 1024
FocalLengthX: 788.184274595074040
FocalLengthY: 787.325230730991510
PrincipalPointX: 620.488412699310740
PrincipalPointY: 514.960061390450280
k1: -0.387542041204747
k2: 0.168305275716194