ImageWidth: 1280
ImageHeight: 1024
FocalLengthX: 781.669659817245130
FocalLengthY: 783.060751222804580
PrincipalPointX: 600.363574807033390		
PrincipalPointY: 518.957066425190190
k1: -0.357179342486485
k2: 0.128947631650849