ImageWidth: 1280
ImageHeight: 1024
FocalLengthX: 786.219814498985440 
FocalLengthY: 788.502487856477270
PrincipalPointX: 631.588218883705170		
PrincipalPointY: 505.929411068268220
k1: -0.354297120710645 
k2: 0.125749891208268