ImageWidth: 1280
ImageHeight: 1024
FocalLengthX: 783.761917331665250
FocalLengthY: 784.203823025686350
PrincipalPointX: 630.940588127611140	
PrincipalPointY: 508.213532719463440
k1: -0.341719168907912
k2: 0.109789223713113