ImageWidth: 1280
ImageHeight: 1024
FocalLengthX: 808.661544102332640
FocalLengthY: 809.623344794652210
PrincipalPointX: 617.440546528353820		
PrincipalPointY: 534.581505537285690
k1: -0.354037604455264
k2: 0.123359467139905