ImageWidth: 1280
ImageHeight: 1024
FocalLengthX: 787.632485317074500
FocalLengthY: 791.286587023336440
PrincipalPointX: 612.419608339818860	
PrincipalPointY: 507.497683792176930
k1: -0.333882397172587 
k2: 0.104044180790746