ImageWidth: 1280
ImageHeight: 1024
FocalLengthX: 775.687313018401600
FocalLengthY: 775.834073341800260
PrincipalPointX: 631.795452093493510		
PrincipalPointY: 531.951257240648260
k1: -0.367659695399163
k2: 0.140167477952508