ImageWidth: 1280
ImageHeight: 1024
FocalLengthX: 781.175857038047980
FocalLengthY: 780.084920663200020
PrincipalPointX: 618.646731997090340
PrincipalPointY: 509.608482831054690
k1: -0.366853650658289
k2: 0.141348342217478