ImageWidth: 1280
ImageHeight: 1024
FocalLengthX: 785.560221333075330
FocalLengthY: 790.653566408865120
PrincipalPointX: 598.902117706417020	
PrincipalPointY: 536.456844216569040 
k1: -0.338354331485056
k2: 0.109674788177416