ImageWidth: 1280
ImageHeight: 1024
FocalLengthX: 779.543776226086380
FocalLengthY: 780.401403978350570
PrincipalPointX: 611.665444436957610
PrincipalPointY: 497.873173775978730
k1: -0.379132891365362
k2: 0.157124597615284