ImageWidth: 1280
ImageHeight: 1024
FocalLengthX: 798.827528367690770
FocalLengthY: 800.133804625879290
PrincipalPointX: 639.839018670268620
PrincipalPointY: 526.817009830543950
k1: -0.340940418294021
k2: 0.104349863823039