ImageWidth: 1280
ImageHeight: 1024
FocalLengthX: 795.568909788367140
FocalLengthY: 795.078367996527160
PrincipalPointX: 636.374753888031250
PrincipalPointY: 525.965211393413940
k1: -0.382729577793566
k2: 0.173498454352787