ImageWidth: 1280
ImageHeight: 1024
FocalLengthX: 792.967701748900480
FocalLengthY: 793.024522679800270
PrincipalPointX: 589.538726290741240		
PrincipalPointY: 522.547730571133680
k1: -0.372714945681071 
k2: 0.154024984458665