ImageWidth: 1280
ImageHeight: 1024
FocalLengthX: 889.710262883958650
FocalLengthY: 890.941269248091880
PrincipalPointX: 617.828022269451820		
PrincipalPointY: 516.494481994680090
k1: -0.356628034448788
k2: 0.138880292456426