im_x: 1280
im_y: 960
fx: 593.18784
fy: 593.27904
px: 648.28288
py: 480.70272
omega: 0.850681

